r
6
-0.00000000000000001388 0.00089841134518278687 0.00363185302536064850 0.00831269905220920200 0.01512083951168193700 0.02429291442414642500 0.03610789479131409900 0.05086963265386529300 
0.06888713561791759400 0.09045342435412784300 0.11582389981667106000 0.14519517754463498000 0.17868533807041598000 0.21631649539792441000 0.25800050150366149000 0.30352848710877689000 
0.35256479217152176000 0.40464566942541541000 0.45918295754596267000 0.51547272454800730000 0.57270868455755575000 0.62999999999999889000 0.68639290409725906000 0.74089542242662942000 
0.79250434340182596000 0.84023349106290035000 0.88314229340432970000 0.92036361809990730000 0.95112986584247161000 0.97479636898415656000 0.99086123757545519000 0.99898092263869309000 
0.99898092263869342000 0.99086123757545586000 0.97479636898415800000 0.95112986584247328000 0.92036361809990952000 0.88314229340433237000 0.84023349106290335000 0.79250434340182896000 
0.74089542242663320000 0.68639290409726261000 0.63000000000000222000 0.57270868455755963000 0.51547272454801085000 0.45918295754596622000 0.40464566942541907000 0.35256479217152548000 
0.30352848710877967000 0.25800050150366427000 0.21631649539792708000 0.17868533807041811000 0.14519517754463701000 0.11582389981667297000 0.09045342435412939700 0.06888713561791873200 
0.05086963265386629200 0.03610789479131493900 0.02429291442414718100 0.01512083951168238800 0.00831269905220953510 0.00363185302536089830 0.00089841134518289789 -0.00000000000000001388 

